1.05 1.94 
1.85 0.78 
1.96 0.93 
1.58 2.55 
0.84 2.47 
2.14 1.42 
0.54 1.52 
1.63 1.52 
0.58 1.37 
1.5 0.29 
1.07 0.51 
1.89 2.31 
1.44 2.49 
1.07 1.1 
1.21 2.24 
1.48 0.55 
0.09 0.39 
0.85 2.37 
1.23 2.19 
0.81 0.8 
0.75 1.61 
1.84 1.3 
0.65 1.72 
1.31 0.77 
2.26 0.09 
1.18 2.54 
1.81 2.42 
1.68 0.96 
1.21 0.71 
1.97 0.7 
1.64 0.72 
1.83 1.89 
2.43 0.01 
0.26 1.34 
0.55 0.65 
1.11 0.3 
1.05 0.46 
0.41 1.28 
1.78 0.24 
2.28 1.14 
0.82 0.47 
1.45 0.82 
2.18 1.84 
2.03 0.83 
1.18 1.18 
0.99 0.35 
0.1 0.24 
0.13 1.42 
1.34 2.51 
0.77 1.18 
0.35 0.87 
2.23 0.03 
1.99 1.77 
2.44 1.55 
1.17 1.57 
1.1 0.35 
2.18 0.1 
1.07 0.19 
2.13 2.39 
1.75 1.24 
