1.61 1.19 
2.07 0.24 
2.36 0.93 
0.6 0.39 
0.39 0.9 
0.89 0.12 
0.15 1.2 
1.65 1.52 
1.51 2.17 
0.34 1.08 
2.33 2.3 
1.32 1.82 
2.48 1.78 
1.7 0.4 
1.44 0.96 
0.87 0.04 
1.72 1.02 
0.07 0.29 
1.7 0.95 
2.08 0.88 
0.16 2.17 
1.45 2.02 
1.47 1.92 
1.12 1.54 
2.34 0.22 
0.93 1.03 
0.27 1.9 
2.47 2.21 
1.15 1.67 
1.95 2.05 
2.1 0.96 
1.58 0.69 
0.74 1.86 
1.45 0.63 
0.43 0.75 
1.27 0.25 
1.42 1.42 
2.29 1.34 
1.19 1.64 
0.89 0.31 
0.11 2.46 
1.81 2.45 
2.1 2.32 
0.08 0.2 
1.17 2.35 
0.3 2.34 
1.98 1.06 
0.66 2.11 
0.59 2.24 
1.89 1.11 
1.36 1.42 
0.36 1.32 
2.13 1.72 
2.02 2.41 
0.16 0.37 
0.01 0.05 
2.37 2.52 
2.45 2.07 
1.43 0.23 
1.54 0.48 
