0.02 0.13 
0.1 0.11 
0.12 0.03 
0.11 0.01 
0.1 0.11 
0.19 0.2 
0.21 0.12 
0.22 0.14 
0.12 0.24 
0.11 0.01 
0.22 0.03 
0.17 0.18 
0.2 0.15 
0.23 0.05 
0.11 0.01 
0.1 0.11 
0.1 0.11 
0.02 0.13 
0.21 0.12 
0.19 0.2 
0.12 0.03 
0.12 0.24 
0.2 0.15 
0.22 0.03 
0.11 0.01 
0.23 0.05 
0.17 0.18 
0.22 0.14 
0.14 0.14 
0.02 0.02 
0.15 0.08 
0.14 0.08 
0.1 0.11 
0.11 0.01 
0.13 0.03 
0.1 0.11 
0.19 0.22 
0.23 0.16 
0.12 0.13 
0.02 0.02 
0.14 0.02 
0.15 0.08 
0.09 0.09 
0.02 0.02 
0.14 0.16 
0.06 0.07 
0.07 0.01 
0.15 0.08 
0.02 0.02 
0.18 0.15 
0.02 0.02 
0.02 0.02 
0.15 0.08 
0.07 0.04 
0.02 0.02 
