0.02 0.05 
0.1 0.05 
0.07 0.15 
0 0.08 
0.04 0.1 
0.02 0.05 
0.02 0.13 
0.12 0.1 
0.09 0.1 
0.16 0.26 
0.1 0.05 
0.09 0.2 
0.14 0.13 
0.16 0.1 
0.02 0.05 
0.1 0.05 
0.07 0.15 
0 0.08 
0.02 0.05 
0.04 0.1 
0.02 0.13 
0.09 0.2 
0.1 0.05 
0.12 0.1 
0.14 0.13 
0.16 0.26 
0.09 0.1 
0.16 0.1 
0.02 0.05 
0.02 0.06 
0.15 0.19 
0.13 0.14 
0.02 0.05 
0.11 0.08 
0.02 0.05 
0.08 0.07 
0.13 0.14 
0.1 0.05 
0.13 0.19 
0.21 0.16 
0.13 0.14 
0.01 0.03 
0.01 0.03 
0.06 0.05 
0.09 0.17 
0.13 0.14 
0.15 0.13 
0.13 0.14 
0 0.06 
0.06 0.07 
