0.63 0.19 
1.09 0.52 
1.01 0.28 
0.33 0.01 
1.23 0.05 
0.55 0.59 
0.53 1.19 
1.24 0.3 
1.19 0.98 
0.93 0.12 
0.65 0.69 
0.6 0.32 
0.3 0.01 
0.1 0.97 
0.17 0 
0.81 0.25 
1.02 1.23 
0.79 0.45 
0.44 0.65 
0.33 0.12 
0.57 1.09 
0.71 0 
0.15 1.09 
0.39 0.87 
0.3 0.96 
0.78 1.19 
0.93 0.72 
0.76 0.93 
0.21 1.22 
0.44 0.06 
0.63 0.49 
0.94 1.08 
0.57 0.01 
0.5 0.17 
0.74 0.35 
0.02 0.86 
0.73 0.65 
0.94 0.4 
0.25 0.62 
0 1.25 
0.23 0.02 
1.06 0.7 
0.94 0.63 
0.12 0.21 
1.04 0.5 
0.54 0.48 
0.96 1.01 
0.1 0.84 
0.78 0.21 
0.43 0.16 
0.59 1.08 
1.03 0.69 
0.41 1.14 
0.66 0.55 
0.58 0.22 
0.8 0.44 
0.63 0.52 
1.23 1.08 
0.34 0.83 
0.82 1.22 
